488
494
491
493
489
489
487
491
488
490
489
490
493
489
488
488
487
488
490
491
490
492
492
484
489
488
488
490
493
493
488
493
492
492
490
494
495
493
493
485
486
486
493
492
494
494
492
491
489
488
489
487
491
491
493
492
493
489
488
488
487
493
491
493
493
489
488
488
488
488
489
485
488
488
488
489
488
494
492
493
487
489
488
488
488
487
492
492
492
492
488
491
490
488
490
493
495
493
494
488
488
489
488
494
491
493
493
493
491
496
492
493
491
494
493
493
488
487
488
489
489
492
492
490
489
487
491
488
493
491
493
492
492
489
490
488
489
494
493
493
495
488
489
489
490
487
486
488
487
488
485
488
487
488
493
491
494
491
494
486
489
487
493
493
492
493
488
488
489
489
486
492
489
492
495
489
488
490
487
492
493
494
494
492
494
488
494
494
495
490
493
493
488
488
488
489
488
489
494
493
489
487
487
486
488
486
489
487
488
488
489
488
487
485
493
493
489
493
484
490
488
490
489
486
487
493
490
488
488
489
488
480
488
492
488
493
492
493
487
489
489
488
487
485
489
490
489
493
493
491
490
493
493
493
490
490
488
490
489
486
487
488
489
494
494
488
489
489
492
492
487
488
488
494
493
493
489
488
489
486
487
490
487
494
492
493
490
493
489
494
492
494
491
493
493
490
492
494
490
488
491
493
492
488
489
492
492
492
490
489
488
492
493
493
495
492
493
490
488
488
488
487
489
488
487
488
489
488
488
489
493
493
493
492
493
492
494
494
493
493
493
486
489
488
489
488
491
494
491
488
487
489
489
487
488
489
493
492
489
493
491
494
493
494
494
490
491
493
483
488
491
488
489
487
489
494
492
486
487
482
488
488
496
495
492
482
489
490
489
491
492
489
485
492
494
490
493
492
490
493
490
490
489
494
493
487
487
489
492
492
491
492
494
489
486
493
488
491
495
492
489
487
489
493
488
491
487
490
484
493
493
490
493
492
492
492
490
493
492
493
493
488
490
488
486
490
491
492
493
491
490
489
488
487
494
494
490
493
493
488
486
486
493
493
492
488
493
493
492
490
489
488
492
489
489
488
490
493
492
488
486
488
487
486
493
493
490
488
493
489
488
488
488
486
493
493
493
489
488
489
494
492
488
489
488
491
493
491
493
493
492
489
487
487
487
494
489
493
494
492
493
492
493
493
494
493
492
494
493
489
487
488
487
489
487
488
486
489
485
489
489
493
493
493
491
492
495
493
493
489
493
492
493
492
488
488
487
491
494
490
488
489
489
487
489
489
489
491
493
495
496
490
496
495
488
487
488
491
491
493
494
493
488
489
489
488
488
493
490
493
488
488
488
486
488
490
490
490
493
492
493
490
487
489
490
493
491
492
487
488
492
493
492
489
490
488
489
490
489
491
493
490
492
489
491
486
489
488
494
496
493
497
498
497
497
497
1010
1061
1075
1063
1083
1048
2065
2056
2056
2056
2056
2056
2056
2056
2056
2056
2056
2056
2056
2056
2056
2056
2056
2056
2056
2056
2056
2056
2056
2056
2056
2056
2056
2056
2056
2056
2056
2056
2056
2056
2056
2056
2056
2056
2056
2056
2056
2056
2056
2056
2056
2056
2056
2056
2056
2056
2056
2056
2056
2056
2056
2056
2056
2056
2056
2056
2056
2056
2056
2056
2056
2056
2056
2056
2056
2056
2056
2056
2056
2056
2056
2056
2056
2056
2056
2056
2056
2056
2056
2056
2056
1120
1124
998
1128
1102
1077
942
1117
1206
1074
1124
1134
1024
1112
1119
1124
1191
1208
1169
1166
1040
1192
496
487
489
488
489
488
491
493
491
492
488
489
489
495
497
497
501
496
498
503
547
912
872
982
1046
967
1070
897
1038
3598
3598
3598
3598
3598
3598
3598
3598
3598
3598
3598
3598
3598
3598
3598
3598
3598
3598
3598
3598
3598
3598
3598
3598
3598
3598
3598
3598
3598
3598
3598
3598
3598
3598
3598
3598
3598
3598
3598
3598
3598
3598
3598
3598
3598
3598
3598
3598
3598
3598
3598
3598
3598
3598
3598
3598
3598
3598
3598
3598
3598
3598
3598
3598
3598
3598
3598
3598
3598
3598
3598
3598
3598
3598
3598
3598
3598
3598
3598
3598
3598
3598
3598
3598
1140
1096
922
1023
1057
771
771
771
771
771
771
771
771
771
771
771
771
771
771
771
771
771
771
771
771
771
771
771
771
771
771
771
771
771
771
771
771
771
771
771
771
771
771
771
771
771
771
771
771
771
771
771
771
771
771
771
771
771
771
771
771
771
771
771
771
771
771
771
771
771
771
771
771
771
771
771
771
771
771
771
771
771
771
771
771
771
771
771
771
771
771
771
771
771
771
1095
2827
2827
2827
2827
2827
2827
2827
2827
2827
2827
2827
2827
2827
2827
2827
2827
2827
2827
2827
2827
2827
2827
2827
2827
2827
2827
2827
2827
2827
2827
2827
2827
2827
2827
2827
2827
2827
2827
2827
2827
2827
2827
2827
2827
2827
2827
2827
2827
2827
2827
2827
2827
2827
2827
2827
2827
2827
2827
2827
2827
2827
2827
2827
2827
2827
2827
2827
2827
2827
2827
2827
2827
2827
2827
2827
2827
2827
2827
2827
2827
2827
2827
2827
2827
514
514
514
514
514
514
514
514
514
514
514
514
514
514
514
514
514
514
514
514
514
514
514
514
514
514
514
514
514
514
514
514
514
514
514
514
514
514
514
514
514
514
514
514
514
514
514
514
514
514
514
514
514
514
514
514
514
514
514
514
514
514
514
514
514
514
514
514
514
514
514
514
514
514
514
514
514
514
514
514
514
514
514
514
514
514
514
514
514
514
1102
1372
1285
1285
1285
1285
1285
1285
1285
1285
1285
1285
1285
1285
1285
1285
1285
1285
1285
1285
1285
1285
1285
1285
1285
1285
1285
1285
1285
1285
1285
1285
1285
1285
1285
1285
1285
1285
1285
1285
1285
1285
1285
1285
1285
1285
1285
1285
1285
1285
1285
1285
1285
1285
1285
1285
1285
1285
1285
1285
1285
1285
1285
1285
1285
1285
1285
1285
1285
1285
1285
1285
1285
1285
1285
1285
1285
1285
1285
1285
1285
1285
1285
1285
1285
1285
1113
1085
1280
1190
989
1067
1014
1078
962
1031
1799
1799
1799
1799
1799
1799
1799
1799
1799
1799
1799
1799
1799
1799
1799
1799
1799
1799
1799
1799
1799
1799
1799
1799
1799
1799
1799
1799
1799
1799
1799
1799
1799
1799
1799
1799
1799
1799
1799
1799
1799
1799
1799
1799
1799
1799
1799
1799
1799
1799
1799
1799
1799
1799
1799
1799
1799
1799
1799
1799
1799
1799
1799
1799
1799
1799
1799
1799
1799
1799
1799
1799
1799
1799
1799
1799
1799
1799
1799
1799
1799
1799
1799
1799
890
1108
1036
3084
3084
3084
3084
3084
3084
3084
3084
3084
3084
3084
3084
3084
3084
3084
3084
3084
3084
3084
3084
3084
3084
3084
3084
3084
3084
3084
3084
3084
3084
3084
3084
3084
3084
3084
3084
3084
3084
3084
3084
3084
3084
3084
3084
3084
3084
3084
3084
3084
3084
3084
3084
3084
3084
3084
3084
3084
3084
3084
3084
3084
3084
3084
3084
3084
3084
3084
3084
3084
3084
3084
3084
3084
3084
3084
3084
3084
3084
3084
3084
3084
3084
3084
3596
3598
3598
3598
3598
3598
3598
3598
3598
3598
3598
3598
3598
3598
3598
3598
3598
3598
3598
3598
3598
3598
3598
3598
3598
3598
3598
3598
3598
3598
3598
3598
3598
3598
3598
3598
3598
3598
3598
3598
3598
3598
3598
3598
3598
3598
3598
3598
3598
3598
3598
3598
3598
3598
3598
3598
3598
3598
3598
3598
3598
3598
3598
3598
3598
3598
3598
3598
3598
3598
3598
3598
3598
3598
3598
3598
3598
3598
3598
3598
3598
3598
3598
3598
3598
1094
1102
1109
992
1046
1065
1095
1112
1112
1099
1542
1542
1542
1542
1542
1542
1542
1542
1542
1542
1542
1542
1542
1542
1542
1542
1542
1542
1542
1542
1542
1542
1542
1542
1542
1542
1542
1542
1542
1542
1542
1542
1542
1542
1542
1542
1542
1542
1542
1542
1542
1542
1542
1542
1542
1542
1542
1542
1542
1542
1542
1542
1542
1542
1542
1542
1542
1542
1542
1542
1542
1542
1542
1542
1542
1542
1542
1542
1542
1542
1542
1542
1542
1542
1542
1542
1542
1542
1542
1542
1542
1542
1542
1542
1057
1172
1088
976
1077
1149
1155
1002
1114
1046
2313
2313
2313
2313
2313
2313
2313
2313
2313
2313
2313
2313
2313
2313
2313
2313
2313
2313
2313
2313
2313
2313
2313
2313
2313
2313
2313
2313
2313
2313
2313
2313
2313
2313
2313
2313
2313
2313
2313
2313
2313
2313
2313
2313
2313
2313
2313
2313
2313
2313
2313
2313
2313
2313
2313
2313
2313
2313
2313
2313
2313
2313
2313
2313
2313
2313
2313
2313
2313
2313
2313
2313
2313
2313
2313
2313
2313
2313
2313
2313
2313
2313
2313
2313
1201
1099
941
1305
1079
1080
3341
3341
3341
3341
3341
3341
3341
3341
3341
3341
3341
3341
3341
3341
3341
3341
3341
3341
3341
3341
3341
3341
3341
3341
3341
3341
3341
3341
3341
3341
3341
3341
3341
3341
3341
3341
3341
3341
3341
3341
3341
3341
3341
3341
3341
3341
3341
3341
3341
3341
3341
3341
3341
3341
3341
3341
3341
3341
3341
3341
3341
3341
3341
3341
3341
3341
3341
3341
3341
3341
3341
3341
3341
3341
3341
3341
3341
3341
3341
3341
3341
3341
3341
3341
1106
1153
1256
776
2056
2056
2056
2056
2056
2056
2056
2056
2056
2056
2056
2056
2056
2056
2056
2056
2056
2056
2056
2056
2056
2056
2056
2056
2056
2056
2056
2056
2056
2056
2056
2056
2056
2056
2056
2056
2056
2056
2056
2056
2056
2056
2056
2056
2056
2056
2056
2056
2056
2056
2056
2056
2056
2056
2056
2056
2056
2056
2056
2056
2056
2056
2056
2056
2056
2056
2056
2056
2056
2056
2056
2056
2056
2056
2056
2056
2056
2056
2056
2056
2056
2056
2056
2056
496
491
492
485
490
493
489
493
493
493
492
492
488
490
488
486
489
494
494
492
492
485
488
487
492
493
491
493
492
488
492
492
490
484
493
491
491
487
491
488
487
488
491
493
493
493
492
486
487
492
491
493
493
486
489
489
489
488
489
491
493
492
488
488
490
488
488
491
493
488
493
490
482
488
486
493
494
495
494
493
488
489
488
490
487
492
493
485
489
490
488
489
490
493
493
491
494
485
485
487
490
489
490
486
488
485
492
492
489
489
486
492
491
492
489
488
490
488
489
486
495
493
490
494
488
487
490
493
493
490
492
493
493
487
489
488
488
494
491
491
492
493
489
490
489
489
495
493
493
494
493
485
485
489
492
488
487
493
490
493
486
489
488
488
493
491
491
486
488
492
494
485
487
488
491
492
493
492
493
494
494
490
487
488
489
490
493
494
496
485
492
494
487
486
489
493
492
493
493
488
489
489
492
494
488
489
493
493
494
488
488
489
490
487
488
487
488
493
493
493
491
494
494
493
494
494
492
493
488
488
487
489
491
492
493
490
487
488
487
489
488
489
491
492
492
490
486
490
486
493
493
491
488
489
493
492
493
484
493
488
486
488
489
489
490
490
490
488
487
488
494
491
492
495
492
493
494
486
487
488
487
493
493
492
489
489
488
493
494
486
489
488
491
494
489
493
493
493
488
488
488
490
491
492
489
493
491
493
489
492
491
494
492
487
490
487
495
491
493
492
493
492
491
493
481
487
493
493
493
485
488
488
485
483
488
489
488
492
485
490
490
495
491
494
493
493
492
491
493
490
488
486
493
491
493
489
487
488
489
488
489
490
492
493
493
494
489
486
487
488
489
494
492
494
484
484
486
490
493
492
492
492
486
493
493
491
493
493
493
488
485
489
493
492
495
492
487
493
493
492
488
485
492
492
492
488
488
488
489
488
488
486
488
492
493
486
488
487
493
492
494
492
492
488
491
488
489
489
493
493
488
488
489
485
489
491
492
493
490
494
488
487
488
492
492
493
493
493
488
489
487
488
488
493
492
486
487
484
486
489
484
491
491
494
494
489
489
487
493
493
493
495
493
489
488
493
488
489
491
495
493
488
490
488
486
489
488
488
483
492
489
486
489
493
491
492
490
488
488
486
494
487
489
493
494
492
488
491
487
488
486
495
493
487
491
492
489
490
488
492
492
494
492
493
493
492
492
485
492
493
493
486
489
488
488
490
491
490
488
493
491
488
489
488
494
492
491
493
494
488
490
493
488
489
492
494
491
488
490
489
488
490
489
488
487
491
491
488
487
496
493
490
494
489
489
487
491
485
491
492
492
494
490
489
489
489
486
492
492
488
493
494
487
487
488
492
492
494
492
493
493
493
494
487
488
493
495
491
488
488
488
489
488
495
493
493
490
489
487
485
495
491
492
490
494
490
487
490
488
488
493
492
488
489
487
485
488
489
491
492
491
491
492
487
488
492
494
495
493
491
493
487
488
488
488
488
492
493
495
492
493
495
489
490
493
489
488
492
493
488
489
486
492
493
496
494
493
493
493
492
495
489
488
489
488
487
487
488
487
490
488
494
492
493
493
490
491
490
488
494
493
488
488
493
493
492
493
492
493
493
494
494
486
493
493
492
489
489
489
494
495
493
490
491
491
492
489
486
490
486
488
490
492
491
489
487
492
492
489
488
492
489
488
488
485
489
487
494
488
489
492
491
491
490
493
492
495
492
493
494
494
491
487
486
488
492
493
494
496
487
490
489
491
490
486
487
493
493
493
490
492
493
491
493
490
488
493
492
487
485
488
488
488
488
493
490
