493
489
489
490
493
493
494
490
491
488
488
489
488
488
489
490
496
491
491
493
493
493
493
489
489
489
489
489
487
490
490
493
493
492
493
493
488
494
486
493
493
490
489
489
488
487
487
486
493
493
490
489
493
493
490
492
491
493
494
493
487
489
488
489
489
489
489
492
494
493
492
492
492
493
493
489
488
486
488
488
484
490
493
494
493
492
494
493
493
494
491
487
489
489
493
492
492
493
494
493
489
494
491
495
490
494
493
493
493
492
491
494
488
488
488
490
489
489
490
492
494
493
493
494
491
492
493
494
493
491
492
494
492
492
495
492
494
493
489
489
491
493
492
493
493
493
495
494
492
487
489
489
489
489
490
489
490
495
493
493
494
493
493
494
490
494
494
489
488
490
488
490
489
487
491
494
491
494
493
494
494
492
490
491
494
489
493
495
492
493
489
488
490
487
490
490
489
492
495
494
494
493
494
494
495
488
489
488
488
487
489
484
493
492
491
493
491
494
493
489
488
489
488
489
489
488
490
496
494
488
489
490
489
489
485
489
490
490
492
489
490
493
493
495
490
492
493
494
494
493
494
493
494
494
494
489
488
489
487
489
487
489
493
494
489
489
488
493
492
493
491
491
489
490
488
490
489
490
493
490
497
493
494
494
488
487
489
489
489
490
489
486
494
496
494
494
494
493
490
489
489
492
489
489
493
494
493
494
496
494
493
489
489
489
489
489
489
487
492
494
493
494
492
493
493
493
488
488
489
488
489
490
490
494
494
492
493
494
495
494
493
489
489
489
489
491
485
488
489
491
492
489
493
494
494
493
494
492
493
495
493
493
494
493
493
492
491
491
491
490
493
489
494
492
490
489
493
493
489
490
485
489
488
486
491
491
489
493
490
489
489
495
494
492
493
492
491
494
494
489
488
489
487
489
489
492
493
493
494
491
490
493
496
497
492
490
492
490
495
499
497
502
500
501
501
499
501
501
500
499
497
498
501
501
502
501
1260
1058
1116
1085
1173
1792
1799
1799
1799
1799
1799
1799
1799
1799
1799
1799
1799
1799
1799
1799
1799
1799
1799
1799
1799
1799
1799
1799
1799
1799
1799
1799
1799
1799
1799
1799
1799
1799
1799
1799
1799
1799
1799
1799
1799
1799
1799
1799
1799
1799
1799
1799
1799
1799
1799
1799
1799
1799
1799
1799
1799
1799
1799
1799
1799
1799
1799
1799
1799
1799
1799
1799
1799
1799
1799
1799
1799
1799
1799
1799
1799
1799
1799
1799
1799
1799
1799
1799
1799
1799
1799
1799
1799
1799
1799
1799
1799
1799
1799
1799
1799
1799
1799
1799
1799
1799
1799
1799
1799
1799
1799
1799
1799
1799
1799
1799
1799
1799
1799
1799
1799
1799
1799
1799
1799
1799
1799
1799
1799
1799
1799
1799
1799
1799
1799
1799
1799
1799
1799
1799
1799
1799
1799
1799
1799
1799
1180
1235
1078
1255
1162
1065
1097
1221
1199
1164
1110
1174
1241
1224
1168
2570
2570
2570
2570
2570
2570
2570
2570
2570
2570
2570
2570
2570
2570
2570
2570
2570
2570
2570
2570
2570
2570
2570
2570
2570
2570
2570
2570
2570
2570
2570
2570
2570
2570
2570
2570
2570
2570
2570
2570
2570
2570
2570
2570
2570
2570
2570
2570
2570
2570
2570
2570
2570
2570
2570
2570
2570
2570
2570
2570
2570
2570
2570
2570
2570
2570
2570
2570
2570
2570
2570
2570
2570
2570
2570
2570
2570
2570
2570
2570
2570
2570
2570
2570
2570
2570
2570
2570
2570
2570
2570
2570
2570
2570
2570
2570
2570
2570
2570
2570
2570
2570
2570
2570
2570
2570
2570
2570
2570
2570
2570
2570
2570
2570
2570
2570
2570
2570
2570
2570
2570
2570
2570
2570
2570
2570
2570
2570
2570
2570
2570
2570
2570
2570
2570
2570
2570
2570
2570
2570
2570
1311
1280
1028
1028
1028
1028
1028
1028
1028
1028
1028
1028
1028
1028
1028
1028
1028
1028
1028
1028
1028
1028
1028
1028
1028
1028
1028
1028
1028
1028
1028
1028
1028
1028
1028
1028
1028
1028
1028
1028
1028
1028
1028
1028
1028
1028
1028
1028
1028
1028
1028
1028
1028
1028
1028
1028
1028
1028
1028
1028
1028
1028
1028
1028
1028
1028
1028
1028
1028
1028
1028
1028
1028
1028
1028
1028
1028
1028
1028
1028
1028
1028
1028
1028
1028
1028
1028
1028
1028
1028
1028
1028
1028
1028
1028
1028
1028
1028
1028
1028
1028
1028
1028
1028
1028
1028
1028
1028
1028
1028
1028
1028
1028
1028
1028
1028
1028
1028
1028
1028
1028
1028
1028
1028
1028
1028
1028
1028
1028
1028
1028
1028
1028
1028
1028
1028
1028
1028
1028
1028
1028
1028
1028
1279
1297
1342
2313
2313
2313
2313
2313
2313
2313
2313
2313
2313
2313
2313
2313
2313
2313
2313
2313
2313
2313
2313
2313
2313
2313
2313
2313
2313
2313
2313
2313
2313
2313
2313
2313
2313
2313
2313
2313
2313
2313
2313
2313
2313
2313
2313
2313
2313
2313
2313
2313
2313
2313
2313
2313
2313
2313
2313
2313
2313
2313
2313
2313
2313
2313
2313
2313
2313
2313
2313
2313
2313
2313
2313
2313
2313
2313
2313
2313
2313
2313
2313
2313
2313
2313
2313
2313
2313
2313
2313
2313
2313
2313
2313
2313
2313
2313
2313
2313
2313
2313
2313
2313
2313
2313
2313
2313
2313
2313
2313
2313
2313
2313
2313
2313
2313
2313
2313
2313
2313
2313
2313
2313
2313
2313
2313
2313
2313
2313
2313
2313
2313
2313
2313
2313
2313
2313
2313
2313
2313
2313
2313
2313
1321
1275
1318
1256
1278
3291
3084
3084
3084
3084
3084
3084
3084
3084
3084
3084
3084
3084
3084
3084
3084
3084
3084
3084
3084
3084
3084
3084
3084
3084
3084
3084
3084
3084
3084
3084
3084
3084
3084
3084
3084
3084
3084
3084
3084
3084
3084
3084
3084
3084
3084
3084
3084
3084
3084
3084
3084
3084
3084
3084
3084
3084
3084
3084
3084
3084
3084
3084
3084
3084
3084
3084
3084
3084
3084
3084
3084
3084
3084
3084
3084
3084
3084
3084
3084
3084
3084
3084
3084
3084
3084
3084
3084
3084
3084
3084
3084
3084
3084
3084
3084
3084
3084
3084
3084
3084
3084
3084
3084
3084
3084
3084
3084
3084
3084
3084
3084
3084
3084
3084
3084
3084
3084
3084
3084
3084
3084
3084
3084
3084
3084
3084
3084
3084
3084
3084
3084
3084
3084
3084
3084
3084
3084
3084
3084
3084
3084
1344
1344
1275
1294
3598
3598
3598
3598
3598
3598
3598
3598
3598
3598
3598
3598
3598
3598
3598
3598
3598
3598
3598
3598
3598
3598
3598
3598
3598
3598
3598
3598
3598
3598
3598
3598
3598
3598
3598
3598
3598
3598
3598
3598
3598
3598
3598
3598
3598
3598
3598
3598
3598
3598
3598
3598
3598
3598
3598
3598
3598
3598
3598
3598
3598
3598
3598
3598
3598
3598
3598
3598
3598
3598
3598
3598
3598
3598
3598
3598
3598
3598
3598
3598
3598
3598
3598
3598
3598
3598
3598
3598
3598
3598
3598
3598
3598
3598
3598
3598
3598
3598
3598
3598
3598
3598
3598
3598
3598
3598
3598
3598
3598
3598
3598
3598
3598
3598
3598
3598
3598
3598
3598
3598
3598
3598
3598
3598
3598
3598
3598
3598
3598
3598
3598
3598
3598
3598
3598
3598
3598
3598
3598
3598
3598
1184
1324
1269
1276
1299
1024
1028
1028
1028
1028
1028
1028
1028
1028
1028
1028
1028
1028
1028
1028
1028
1028
1028
1028
1028
1028
1028
1028
1028
1028
1028
1028
1028
1028
1028
1028
1028
1028
1028
1028
1028
1028
1028
1028
1028
1028
1028
1028
1028
1028
1028
1028
1028
1028
1028
1028
1028
1028
1028
1028
1028
1028
1028
1028
1028
1028
1028
1028
1028
1028
1028
1028
1028
1028
1028
1028
1028
1028
1028
1028
1028
1028
1028
1028
1028
1028
1028
1028
1028
1028
1028
1028
1028
1028
1028
1028
1028
1028
1028
1028
1028
1028
1028
1028
1028
1028
1028
1028
1028
1028
1028
1028
1028
1028
1028
1028
1028
1028
1028
1028
1028
1028
1028
1028
1028
1028
1028
1028
1028
1028
1028
1028
1028
1028
1028
1028
1028
1028
1028
1028
1028
1028
1028
1028
1028
1028
1267
1169
3598
3598
3598
3598
3598
3598
3598
3598
3598
3598
3598
3598
3598
3598
3598
3598
3598
3598
3598
3598
3598
3598
3598
3598
3598
3598
3598
3598
3598
3598
3598
3598
3598
3598
3598
3598
3598
3598
3598
3598
3598
3598
3598
3598
3598
3598
3598
3598
3598
3598
3598
3598
3598
3598
3598
3598
3598
3598
3598
3598
3598
3598
3598
3598
3598
3598
3598
3598
3598
3598
3598
3598
3598
3598
3598
3598
3598
3598
3598
3598
3598
3598
3598
3598
3598
3598
3598
3598
3598
3598
3598
3598
3598
3598
3598
3598
3598
3598
3598
3598
3598
3598
3598
3598
3598
3598
3598
3598
3598
3598
3598
3598
3598
3598
3598
3598
3598
3598
3598
3598
3598
3598
3598
3598
3598
3598
3598
3598
3598
3598
3598
3598
3598
3598
3598
3598
3598
3598
3598
3598
3598
764
850
1042
1158
1267
1314
1236
2570
2570
2570
2570
2570
2570
2570
2570
2570
2570
2570
2570
2570
2570
2570
2570
2570
2570
2570
2570
2570
2570
2570
2570
2570
2570
2570
2570
2570
2570
2570
2570
2570
2570
2570
2570
2570
2570
2570
2570
2570
2570
2570
2570
2570
2570
2570
2570
2570
2570
2570
2570
2570
2570
2570
2570
2570
2570
2570
2570
2570
2570
2570
2570
2570
2570
2570
2570
2570
2570
2570
2570
2570
2570
2570
2570
2570
2570
2570
2570
2570
2570
2570
2570
2570
2570
2570
2570
2570
2570
2570
2570
2570
2570
2570
2570
2570
2570
2570
2570
2570
2570
2570
2570
2570
2570
2570
2570
2570
2570
2570
2570
2570
2570
2570
2570
2570
2570
2570
2570
2570
2570
2570
2570
2570
2570
2570
2570
2570
2570
2570
2570
2570
2570
2570
2570
2570
2570
2570
2570
2570
1298
1333
1291
2827
2827
2827
2827
2827
2827
2827
2827
2827
2827
2827
2827
2827
2827
2827
2827
2827
2827
2827
2827
2827
2827
2827
2827
2827
2827
2827
2827
2827
2827
2827
2827
2827
2827
2827
2827
2827
2827
2827
2827
2827
2827
2827
2827
2827
2827
2827
2827
2827
2827
2827
2827
2827
2827
2827
2827
2827
2827
2827
2827
2827
2827
2827
2827
2827
2827
2827
2827
2827
2827
2827
2827
2827
2827
2827
2827
2827
2827
2827
2827
2827
2827
2827
2827
2827
2827
2827
2827
2827
2827
2827
2827
2827
2827
2827
2827
2827
2827
2827
2827
2827
2827
2827
2827
2827
2827
2827
2827
2827
2827
2827
2827
2827
2827
2827
2827
2827
2827
2827
2827
2827
2827
2827
2827
2827
2827
2827
2827
2827
2827
2827
2827
2827
2827
2827
2827
2827
2827
2827
2827
2827
1730
1542
1542
1542
1542
1542
1542
1542
1542
1542
1542
1542
1542
1542
1542
1542
1542
1542
1542
1542
1542
1542
1542
1542
1542
1542
1542
1542
1542
1542
1542
1542
1542
1542
1542
1542
1542
1542
1542
1542
1542
1542
1542
1542
1542
1542
1542
1542
1542
1542
1542
1542
1542
1542
1542
1542
1542
1542
1542
1542
1542
1542
1542
1542
1542
1542
1542
1542
1542
1542
1542
1542
1542
1542
1542
1542
1542
1542
1542
1542
1542
1542
1542
1542
1542
1542
1542
1542
1542
1542
1542
1542
1542
1542
1542
1542
1542
1542
1542
1542
1542
1542
1542
1542
1542
1542
1542
1542
1542
1542
1542
1542
1542
1542
1542
1542
1542
1542
1542
1542
1542
1542
1542
1542
1542
1542
1542
1542
1542
1542
1542
1542
1542
1542
1542
1542
1542
1542
1542
1542
1542
1542
1267
1291
2827
2827
2827
2827
2827
2827
2827
2827
2827
2827
2827
2827
2827
2827
2827
2827
2827
2827
2827
2827
2827
2827
2827
2827
2827
2827
2827
2827
2827
2827
2827
2827
2827
2827
2827
2827
2827
2827
2827
2827
2827
2827
2827
2827
2827
2827
2827
2827
2827
2827
2827
2827
2827
2827
2827
2827
2827
2827
2827
2827
2827
2827
2827
2827
2827
2827
2827
2827
2827
2827
2827
2827
2827
2827
2827
2827
2827
2827
2827
2827
2827
2827
2827
2827
2827
2827
2827
2827
2827
2827
2827
2827
2827
2827
2827
2827
2827
2827
2827
2827
2827
2827
2827
2827
2827
2827
2827
2827
2827
2827
2827
2827
2827
2827
2827
2827
2827
2827
2827
2827
2827
2827
2827
2827
2827
2827
2827
2827
2827
2827
2827
2827
2827
2827
2827
2827
2827
2827
2827
2827
1330
1286
1542
1542
1542
1542
1542
1542
1542
1542
1542
1542
1542
1542
1542
1542
1542
1542
1542
1542
1542
1542
1542
1542
1542
1542
1542
1542
1542
1542
1542
1542
1542
1542
1542
1542
1542
1542
1542
1542
1542
1542
1542
1542
1542
1542
1542
1542
1542
1542
1542
1542
1542
1542
1542
1542
1542
1542
1542
1542
1542
1542
1542
1542
1542
1542
1542
1542
1542
1542
1542
1542
1542
1542
1542
1542
1542
1542
1542
1542
1542
1542
1542
1542
1542
1542
1542
1542
1542
1542
1542
1542
1542
1542
1542
1542
1542
1542
1542
1542
1542
1542
1542
1542
1542
1542
1542
1542
1542
1542
1542
1542
1542
1542
1542
1542
1542
1542
1542
1542
1542
1542
1542
1542
1542
1542
1542
1542
1542
1542
1542
1542
1542
1542
1542
1542
1542
1542
1542
1542
1542
1542
1542
1185
1237
1230
1244
1145
1235
1179
1255
1250
1155
1285
1285
1285
1285
1285
1285
1285
1285
1285
1285
1285
1285
1285
1285
1285
1285
1285
1285
1285
1285
1285
1285
1285
1285
1285
1285
1285
1285
1285
1285
1285
1285
1285
1285
1285
1285
1285
1285
1285
1285
1285
1285
1285
1285
1285
1285
1285
1285
1285
1285
1285
1285
1285
1285
1285
1285
1285
1285
1285
1285
1285
1285
1285
1285
1285
1285
1285
1285
1285
1285
1285
1285
1285
1285
1285
1285
1285
1285
1285
1285
1285
1285
1285
1285
1285
1285
1285
1285
1285
1285
1285
1285
1285
1285
1285
1285
1285
1285
1285
1285
1285
1285
1285
1285
1285
1285
1285
1285
1285
1285
1285
1285
1285
1285
1285
1285
1285
1285
1285
1285
1285
1285
1285
1285
1285
1285
1285
1285
1285
1285
1285
1285
1285
1285
1285
1285
1285
1285
1285
1285
1285
1249
1134
1217
1193
1156
1106
1223
1010
1165
1086
997
937
977
1036
3084
3084
3084
3084
3084
3084
3084
3084
3084
3084
3084
3084
3084
3084
3084
3084
3084
3084
3084
3084
3084
3084
3084
3084
3084
3084
3084
3084
3084
3084
3084
3084
3084
3084
3084
3084
3084
3084
3084
3084
3084
3084
3084
3084
3084
3084
3084
3084
3084
3084
3084
3084
3084
3084
3084
3084
3084
3084
3084
3084
3084
3084
3084
3084
3084
3084
3084
3084
3084
3084
3084
3084
3084
3084
3084
3084
3084
3084
3084
3084
3084
3084
3084
3084
3084
3084
3084
3084
3084
3084
3084
3084
3084
3084
3084
3084
3084
3084
3084
3084
3084
3084
3084
3084
3084
3084
3084
3084
3084
3084
3084
3084
3084
3084
3084
3084
3084
3084
3084
3084
3084
3084
3084
3084
3084
3084
3084
3084
3084
3084
3084
3084
3084
3084
3084
3084
3084
3084
3084
3084
3084
1022
1019
1148
1249
1332
1254
1264
1220
2827
2827
2827
2827
2827
2827
2827
2827
2827
2827
2827
2827
2827
2827
2827
2827
2827
2827
2827
2827
2827
2827
2827
2827
2827
2827
2827
2827
2827
2827
2827
2827
2827
2827
2827
2827
2827
2827
2827
2827
2827
2827
2827
2827
2827
2827
2827
2827
2827
2827
2827
2827
2827
2827
2827
2827
2827
2827
2827
2827
2827
2827
2827
2827
2827
2827
2827
2827
2827
2827
2827
2827
2827
2827
2827
2827
2827
2827
2827
2827
2827
2827
2827
2827
2827
2827
2827
2827
2827
2827
2827
2827
2827
2827
2827
2827
2827
2827
2827
2827
2827
2827
2827
2827
2827
2827
2827
2827
2827
2827
2827
2827
2827
2827
2827
2827
2827
2827
2827
2827
2827
2827
2827
2827
2827
2827
2827
2827
2827
2827
2827
2827
2827
2827
2827
2827
2827
2827
2827
2827
2827
1221
1262
1334
1252
3855
3855
3855
3855
3855
3855
3855
3855
3855
3855
3855
3855
3855
3855
3855
3855
3855
3855
3855
3855
3855
3855
3855
3855
3855
3855
3855
3855
3855
3855
3855
3855
3855
3855
3855
3855
3855
3855
3855
3855
3855
3855
3855
3855
3855
3855
3855
3855
3855
3855
3855
3855
3855
3855
3855
3855
3855
3855
3855
3855
3855
3855
3855
3855
3855
3855
3855
3855
3855
3855
3855
3855
3855
3855
3855
3855
3855
3855
3855
3855
3855
3855
3855
3855
3855
3855
3855
3855
3855
3855
3855
3855
3855
3855
3855
3855
3855
3855
3855
3855
3855
3855
3855
3855
3855
3855
3855
3855
3855
3855
3855
3855
3855
3855
3855
3855
3855
3855
3855
3855
3855
3855
3855
3855
3855
3855
3855
3855
3855
3855
3855
3855
3855
3855
3855
3855
3855
3855
3855
3855
3855
1358
1346
1307
1144
1224
1145
1216
1249
1122
512
514
514
514
514
514
514
514
514
514
514
514
514
514
514
514
514
514
514
514
514
514
514
514
514
514
514
514
514
514
514
514
514
514
514
514
514
514
514
514
514
514
514
514
514
514
514
514
514
514
514
514
514
514
514
514
514
514
514
514
514
514
514
514
514
514
514
514
514
514
514
514
514
514
514
514
514
514
514
514
514
514
514
514
514
514
514
514
514
514
514
514
514
514
514
514
514
514
514
514
514
514
514
514
514
514
514
514
514
514
514
514
514
514
514
514
514
514
514
514
514
514
514
514
514
514
514
514
514
514
514
514
514
514
514
514
514
514
514
514
514
514
514
514
514
514
514
514
514
514
514
514
514
514
514
514
1130
1183
1044
982
1039
3855
3855
3855
3855
3855
3855
3855
3855
3855
3855
3855
3855
3855
3855
3855
3855
3855
3855
3855
3855
3855
3855
3855
3855
3855
3855
3855
3855
3855
3855
3855
3855
3855
3855
3855
3855
3855
3855
3855
3855
3855
3855
3855
3855
3855
3855
3855
3855
3855
3855
3855
3855
3855
3855
3855
3855
3855
3855
3855
3855
3855
3855
3855
3855
3855
3855
3855
3855
3855
3855
3855
3855
3855
3855
3855
3855
3855
3855
3855
3855
3855
3855
3855
3855
3855
3855
3855
3855
3855
3855
3855
3855
3855
3855
3855
3855
3855
3855
3855
3855
3855
3855
3855
3855
3855
3855
3855
3855
3855
3855
3855
3855
3855
3855
3855
3855
3855
3855
3855
3855
3855
3855
3855
3855
3855
3855
3855
3855
3855
3855
3855
3855
3855
3855
3855
3855
3855
3855
3855
3855
989
1055
911
926
1134
1019
994
1238
1195
1014
1045
1105
3947
3855
3855
3855
3855
3855
3855
3855
3855
3855
3855
3855
3855
3855
3855
3855
3855
3855
3855
3855
3855
3855
3855
3855
3855
3855
3855
3855
3855
3855
3855
3855
3855
3855
3855
3855
3855
3855
3855
3855
3855
3855
3855
3855
3855
3855
3855
3855
3855
3855
3855
3855
3855
3855
3855
3855
3855
3855
3855
3855
3855
3855
3855
3855
3855
3855
3855
3855
3855
3855
3855
3855
3855
3855
3855
3855
3855
3855
3855
3855
3855
3855
3855
3855
3855
3855
3855
3855
3855
3855
3855
3855
3855
3855
3855
3855
3855
3855
3855
3855
3855
3855
3855
3855
3855
3855
3855
3855
3855
3855
3855
3855
3855
3855
3855
3855
3855
3855
3855
3855
3855
3855
3855
3855
3855
3855
3855
3855
3855
3855
3855
3855
3855
3855
3855
3855
3855
3855
3855
3855
3855
3855
1096
514
514
514
514
514
514
514
514
514
514
514
514
514
514
514
514
514
514
514
514
514
514
514
514
514
514
514
514
514
514
514
514
514
514
514
514
514
514
514
514
514
514
514
514
514
514
514
514
514
514
514
514
514
514
514
514
514
514
514
514
514
514
514
514
514
514
514
514
514
514
514
514
514
514
514
514
514
514
514
514
514
514
514
514
514
514
514
514
514
514
514
514
514
514
514
514
514
514
514
514
514
514
514
514
514
514
514
514
514
514
514
514
514
514
514
514
514
514
514
514
514
514
514
514
514
514
514
514
514
514
514
514
514
514
514
514
514
514
514
514
514
514
514
514
514
514
514
514
514
514
514
514
514
514
514
1065
1201
1105
1218
1125
1156
1129
1093
1129
1105
1170
1088
1078
1096
501
501
497
483
489
487
488
488
489
490
492
492
489
492
493
490
488
488
490
488
489
485
484
488
488
494
496
494
492
494
491
494
489
494
494
488
490
489
490
490
488
489
489
493
494
490
493
495
494
495
489
485
489
489
489
489
489
489
495
495
489
488
489
488
488
487
489
487
489
493
492
495
494
492
496
492
495
488
489
489
488
489
488
489
489
490
491
491
488
489
488
494
488
489
490
492
493
493
494
494
495
493
494
491
494
489
489
488
487
490
488
490
489
489
488
487
489
488
487
488
493
488
489
494
494
494
494
493
493
493
494
493
493
491
488
491
494
492
493
487
489
488
491
489
490
491
490
489
493
492
495
494
489
493
493
493
486
489
490
490
489
488
489
494
489
487
489
493
491
490
494
494
489
489
489
485
488
487
488
490
493
492
496
492
492
494
491
492
494
495
485
492
493
486
489
495
495
494
493
492
494
488
489
492
494
495
493
489
493
493
490
493
488
486
489
494
489
488
484
487
485
494
493
491
488
489
490
491
487
485
485
488
489
487
489
489
489
486
492
490
493
493
495
490
494
488
490
493
494
493
494
492
494
492
494
494
493
491
491
490
483
485
489
489
488
493
494
493
486
488
489
490
489
491
488
488
488
487
485
495
494
493
488
488
490
489
488
488
495
493
492
489
493
492
492
493
495
494
